# Created by Octave 3.8.1, Wed Mar 11 18:23:02 2015 IST <rakesh@rakesh-Inspiron-5520>
# name: output
# type: matrix
# rows: 8
# columns: 1
 2
 2
 3
 3
 4
 4
 5
 7


